['*', 2, 1]
[1, 2, '*']
[0, 1, 1]
['*', '*', 2]
[3, '*', 2]
[1, 1, 1]
Победа['*', '*', 1]
[2, 2, 1]
[0, 0, 0]
%s
Поражение
[1, '*', 2, 1, 0]
[2, 3, '*', 1, 0]
[1, '*', 2, 2, 1]
[1, 1, 1, 1, '*']
[0, 0, 0, 1, 1]

Победа[1, 1]
['*', 1]
%s
22-09-2021 21:55
Поражение
[1, 2, '*', 2, 1]
['*', 3, 3, '*', 1]
[2, '*', 2, 2, 2]
[1, 1, 1, 1, '*']
[0, 0, 0, 1, 1]

22-09-2021 21:56
Победа
['*', '*', 1]
[2, 2, 1]
[0, 0, 0]

22-09-2021 22:15
Поражение
['*', 2, 2, 1, 1, 0, 0, 0, 0, 0]
[2, '*', 3, '*', 1, 0, 0, 0, 0, 0]
[1, 2, '*', 3, 2, 1, 0, 0, 0, 0]
[0, 1, 2, 4, '*', 3, 1, 1, 0, 0]
[0, 0, 1, '*', '*', 3, '*', 2, 1, 1]
[0, 0, 1, 2, 2, 2, 1, 2, '*', 1]
[0, 0, 0, 0, 0, 0, 0, 1, 1, 1]
[0, 0, 1, 1, 1, 0, 0, 0, 0, 0]
[0, 0, 1, '*', 1, 0, 0, 0, 0, 0]
[0, 0, 1, 1, 1, 0, 0, 0, 0, 0]

22-09-2021 23:22
Поражение
[1, 1, 1, 2, 3, 2, 1]
['*', 1, 1, '*', '*', '*', 1]
[1, 1, 2, 3, 4, 2, 1]
[1, 1, 1, '*', 1, 0, 0]
['*', 1, 1, 1, 2, 1, 1]
[1, 1, 0, 0, 1, '*', 1]
[0, 0, 0, 0, 1, 1, 1]

